backprop,457.7141,323.8089,208.1969,176.1993,154.9435,130.9706,,,,59.0715,56.0075,
btree,423.1324,83.4182,43.1282,33.6687,27.3746,24.2553,,,,18.8511,18.1456,
mummergpu,43.1772,26.0922,18.6996,13.7380,10.2926,8.9677,,,,5.0840,4.5984,
pathfinder,774.9727,576.7872,466.4418,385.4296,333.1148,291.2631,,,,198.6597,183.8040,
needle,,,58.0534,55.9252,53.0756,50.3500,,,,39.5952,36.2903,
srad_v1,284.7854,284.0926,,,,,,,,61.3486,52.9373,
kmeans,533.2320,569.1879,,,,,,,,164.6951,14,
bfs,49.4597,42.6217,32.5296,,18.7701,15.3323,,,,14.7728,7.3597,
btree,423.1324,83.4182,43.1282,33.6687,27.7503,24.9625,,,,19.5052,18.8060,
minife,33.2327,21.8040,14.7972,10.9348,8.7343,7.2658,,,,4.4615,4.1443,
comd,24.7250,7.1350,4.0543,4.0389,3.0281,2.9429,,,,1.6005,1.5616,
cns,36.3090,16.1190,10.2661,7.8848,6.1711,5.2727,,,,3.0584,2.8195,
xsbench,,4.6118,1.9174,1.5510,,,,,,0.4579,0.4310,
bfs,,42.6217,32.5296,29.6243,17.3653,14.1023,,,,14.7728,9.7843,
