backprop,457.7141,462.8123,437.1618,364.6576,322.1519,283.8206,,,,164.6049,150.1589,
bfs,49.4597,52.8145,54.9366,49.3229,39.1992,31.4057,,,,16.4163,14.8129,
btree,423.1324,378.3575,321.8993,289.2305,264.9459,228.3985,,,,154.6460,145.3441,
mummergpu,43.1772,45.3374,46.3360,41.6750,34.3689,28.2489,,,,15.5060,13.9355,
pathfinder,774.9727,773.1407,770.7360,769.5703,767.2838,759.9283,,,,653.6780,601.2373,
needle,64.3338,65.5922,65.9850,65.3011,63.4586,60.6727,,,,47.3176,43.9169,
srad_v1,284.7854,300.5901,,233.9347,213.0586,192.9507,,,,115.6327,97.4039,
kmeans,533.2320,563.0838,,469.4528,388.5202,330.3176,,,,184.7660,157.6335,
minife,33.2327,34.8567,34.3974,31.2825,25.8825,21.6632,,,,12.0277,10.8766,
comd,24.7250,24.4840,22.2893,20.4767,18.9286,17.0991,,,,9.4904,8.6240,
cns,36.3090,35.1652,32.8574,29.0341,24.5005,21.2005,,,,9.6833,8.4813,
xsbench,4.9681,5.3270,5.3728,3.9864,2.6216,2.2728,,,,1.2634,1.1354,
