minife,33.2327,33.0660,27.0687,19.9238,15.4964,12.4684,,,,7.1103,6.4956,
comd,24.7250,17.7115,12.3771,11.9074,10.8245,9.9359,,,,5.6197,5.1665,
xsbench,4.9681,5.4852,3.1824,2.2662,1.6354,1.3913,,,,0.6371,0.5955,
cns,36.3090,28.4953,19.9010,15.6321,12.1559,10.5331,,,,5.9901,5.4668,
backprop,457.7141,458.5500,419.8844,361.2556,313.9149,278.1026,,,,159.7345,146.3398,
bfs,49.4597,52.4329,47.8970,34.1937,26.6590,21.3488,,,,11.5719,10.4755,
btree,423.1324,327.0622,150.8167,128.8972,102.9642,94.1433,,,,72.8141,68.4632,
mummergpu,43.1772,44.2132,43.5787,34.4746,24.7813,20.2114,,,,12.1308,11.0753,
pathfinder,774.9727,772.8950,770.6793,766.5228,762.0288,747.4204,,,,567.9465,520.4019,
needle,64.3338,58.9796,58.0504,55.9269,53.1050,50.2472,,,,39.7074,36.2985,
srad_v1,284.7854,295.2844,302.7642,229.8105,209.3108,189.8052,,,,93.3333,78.5778,
kmeans,533.2320,569.1879,545.7983,434.2428,343.1964,285.9180,,,,154.7714,134.7610,
