xsbench,2.9194,3.1796,3.4696,2.5586,1.8913,1.6002,0.8695,0.8036,0.7457,0.6929,0.6527
comd,24.5147,14.4705,10.6402,10.5285,8.8028,8.4442,7.5773,7.0923,6.7819,5.5896,5.377
minife,21.2126,22.3076,20.5438,16.6072,13.2672,10.7976,9.1543,7.9845,7.1081,6.3631,5.8029
kmeans,383.936,417.8534,456.6497,484.7148,381.2832,358.2455,307.6917,260.2062,230.2839,208.1179,184.4782
srad_v1,215.0858,227.7057,237.2921,197.4253,188.8945,175.9066,134.0577,126.1049,118.315,83.0825,71.6166
gaussian,101.1906,97.9283,68.4078,49.0118,38.2183,31.0698,25.8529,22.9133,20.4164,18.4363,16.5188
btree,410.0683,228.218,97.7075,84.2594,67.2576,63.3605,59.6702,56.4108,54.6954,52.6858,50.7147
sc_gpu,40.1618,36.6975,32.5867,30.1306,27.3195,25.3626,23.9974,23.0135,22.3624,21.2399,20.091
mummergpu,33.6046,35.9079,38.645,37.3479,27.2372,22.0536,18.9984,16.8021,14.8833,13.3286,12.0852
needle,59.1451,56.06,56.2385,55.7824,53.7457,51.2107,49.0279,46.7186,44.2486,41.6641,38.1173
pathfinder,760.0884,759.6917,759.5034,758.1295,747.4884,715.6971,649.73,583.0423,526.0948,471.6062,423.4348
bfs,33.9407,37.9822,42.4603,42.245,33.1601,26.5797,22.1787,18.9221,16.3718,12.8064,11.7423
backprop,362.646,372.3425,342.454,307.2273,271.877,236.6685,121.8583,114.8035,107.4438,99.4447,95.1299
cns,26.7920,23.1687,16.7925,13.8904,10.9901,9.5145,7.6208,6.8995,6.1251,5.6051,5.1903
