minife,,33.8272,28.8266,,,13.1032,,,,7.2891,6.6368,
comd,,22.8833,15.2628,,,12.7753,,,,6.5886,5.9564,
xsbench,,5.3586,3.3953,,,1.4109,,,,0.7166,0.6599,
cns,,31.0690,21.8410,,,11.3339,,,,6.2573,5.7074,
backprop,457.7141,462.6140,429.7617,,,284.5383,,,,173.2347,156.7039,
bfs,,52.5861,48.4345,,,21.4229,,,,11.6088,10.5009,
btree,,402.4074,246.2017,,,180.4597,,,,134.4048,123.6186,
mummergpu,,45.0266,44.4597,,,21.0259,,,,12.3554,11.2850,
pathfinder,,772.9042,771.2497,,,754.8075,,,,583.5218,529.5030,
needle,,59.7555,59.1304,,,51.4498,,,,40.5127,36.5182,
srad_v1,,296.1753,305.0550,,,198.3336,,,,105.1032,90.6210,
kmeans,,568.7328,544.0331,,,286.4532,,,,157.2397,141.9490,
