backprop,457.7141,461.3014,443.4895,406.5456,368.8894,332.4490,,,,214.9100,192.9594,
bfs,43.8438,52.7989,55.0034,41.8305,32.0951,28.5157,,,,20.8048,20.7233,
btree,423.1324,422.5264,418.6536,410.6950,402.5991,388.8434,,,,323.6907,304.9171,
mummergpu,43.1772,44.8765,45.7697,39.5313,31.9774,25.8976,,,,14.2771,13.2435,
pathfinder,774.9727,773.3526,771.3129,768.5081,757.4334,739.7413,,,,552.7638,500.2273,
needle,64.3338,65.9325,65.8325,63.6613,59.9004,55.3244,,,,39.6823,36.6477,
srad_v1,284.7854,298.6619,287.9555,252.1488,214.1006,189.6068,,,,119.2436,108.3838,
kmeans,533.2320,568.1862,575.4185,473.0529,379.0499,320.6387,,,,176.9902,157.6467,
minife,33.2327,34.4400,33.0433,28.2602,23.1771,19.0534,,,,10.7083,9.6571,
comd,24.7250,24.8104,24.7869,24.7186,24.6804,24.6109,,,,20.6719,18.3550,
xsbench,4.9681,5.3407,5.9094,5.2686,2.2265,1.8472,,,,0.9769,0.8971,
cns,36.3090,38.4805,38.0784,35.7573,30.4508,23.8949,,,,9.5483,8.4497,
